{
 "cells": [
  {
   "cell_type": "markdown",
   "id": "7e990fc9-587b-4d26-ba1b-5963ae574ecd",
   "metadata": {},
   "source": [
    "# Low-rank approximation\n",
    "\n",
    "Let $A$ be a $D$-dimensional positive definite matrix with singular value decomposition $A = U\\,\\Sigma\\,V^\\intercal$.\n",
    "The best rank $d$ approximation of $A$ (in a Frobenius norm sense) is\n",
    "$$\n",
    "    A_{(d)} = \\arg\\min_{B:{\\rm rank}(B) = d}\\|A - B\\|_F = U\\,\\Sigma_{(d)}\\,V^\\intercal\n",
    "$$\n",
    "where $\\|A\\|_F = \\sqrt{{\\rm Tr}(A\\,A^\\intercal)}$ is the Frobenius norm and\n",
    "$\\Sigma_{(d)} = {\\rm diag}(\\sigma_1, \\ldots, \\sigma_d, 0, \\ldots, 0)$\n",
    "is a diagonal matrix that keeps the top $d$ singular values."
   ]
  },
  {
   "cell_type": "code",
   "execution_count": 1,
   "id": "83160bf8-1361-4c51-b41a-d1fb3fcc3fce",
   "metadata": {},
   "outputs": [],
   "source": [
    "import jax\n",
    "import jax.numpy as jnp"
   ]
  },
  {
   "cell_type": "code",
   "execution_count": 2,
   "id": "80af754d-809a-4585-8290-6c5f18be7086",
   "metadata": {},
   "outputs": [],
   "source": [
    "%config InlineBackend.figure_format = \"retina\""
   ]
  },
  {
   "cell_type": "code",
   "execution_count": 3,
   "id": "7a533639-87d8-495c-8e8a-ae563413140b",
   "metadata": {},
   "outputs": [],
   "source": [
    "key = jax.random.PRNGKey(314)"
   ]
  },
  {
   "cell_type": "code",
   "execution_count": 4,
   "id": "62befe5e-92f9-4275-a28f-185338642733",
   "metadata": {},
   "outputs": [],
   "source": [
    "D, d = 10, 3\n",
    "W, L = jax.random.normal(key, (2, d, D))"
   ]
  },
  {
   "cell_type": "code",
   "execution_count": 5,
   "id": "bbb719db-c00b-45c6-b939-3fd693e0084b",
   "metadata": {},
   "outputs": [],
   "source": [
    "jnp.set_printoptions(precision=5, linewidth=200, suppress=True)"
   ]
  },
  {
   "cell_type": "markdown",
   "id": "a5a92e67-9f05-4a5b-b0c6-6a76749cceb9",
   "metadata": {},
   "source": [
    "## Recovering a low-rank decomposition"
   ]
  },
  {
   "cell_type": "code",
   "execution_count": 6,
   "id": "fbb70cc7-38d8-4e46-8f30-b9538d44ee9d",
   "metadata": {},
   "outputs": [
    {
     "data": {
      "text/plain": [
       "Array([[ 3.43371,  0.52476, -0.34925, -2.74982,  2.87597,  2.03692, -1.51675, -0.6612 , -1.81309, -4.35611],\n",
       "       [ 0.52476, 13.78217, -5.23019,  6.06569, -0.97464,  2.33045,  2.44654, -1.14212,  2.84491,  2.45289],\n",
       "       [-0.34925, -5.23019,  4.08506, -1.85839,  0.99625, -0.93045, -1.50251,  2.7351 , -2.19246,  0.21692],\n",
       "       [-2.74982,  6.06569, -1.85839, 11.78426, -3.83138,  3.53937, -2.26391, -0.98846,  4.79112,  5.58263],\n",
       "       [ 2.87597, -0.97464,  0.99625, -3.83138,  4.42151, -0.03921, -0.81   ,  0.72523, -2.93381, -6.41965],\n",
       "       [ 2.03692,  2.33045, -0.93045,  3.53937, -0.03921,  4.9531 , -3.54693, -1.9295 ,  1.35893, -0.54921],\n",
       "       [-1.51675,  2.44654, -1.50251, -2.26391, -0.81   , -3.54693,  5.01821, -0.21129,  0.85256,  0.73781],\n",
       "       [-0.6612 , -1.14212,  2.7351 , -0.98846,  0.72523, -1.9295 , -0.21129,  4.58182, -3.25161,  2.97801],\n",
       "       [-1.81309,  2.84491, -2.19246,  4.79112, -2.93381,  1.35893,  0.85256, -3.25161,  4.67505,  1.57064],\n",
       "       [-4.35611,  2.45289,  0.21692,  5.58263, -6.41965, -0.54921,  0.73781,  2.97801,  1.57064, 13.65669]], dtype=float32)"
      ]
     },
     "execution_count": 6,
     "metadata": {},
     "output_type": "execute_result"
    }
   ],
   "source": [
    "F = W.T @ W + L.T @ L\n",
    "F"
   ]
  },
  {
   "cell_type": "code",
   "execution_count": 7,
   "id": "a9fce06e-a99d-45ec-8e86-1714aa596a24",
   "metadata": {},
   "outputs": [
    {
     "data": {
      "text/plain": [
       "Array([[ 3.43371,  0.52476, -0.34925, -2.74982,  2.87597,  2.03692, -1.51675, -0.6612 , -1.81309, -4.35611],\n",
       "       [ 0.52476, 13.78217, -5.23019,  6.06569, -0.97464,  2.33045,  2.44654, -1.14212,  2.84491,  2.45289],\n",
       "       [-0.34925, -5.23019,  4.08506, -1.85839,  0.99625, -0.93045, -1.50251,  2.7351 , -2.19246,  0.21692],\n",
       "       [-2.74982,  6.06569, -1.85839, 11.78426, -3.83138,  3.53937, -2.26391, -0.98846,  4.79112,  5.58263],\n",
       "       [ 2.87597, -0.97464,  0.99625, -3.83138,  4.42151, -0.03921, -0.81   ,  0.72523, -2.93381, -6.41965],\n",
       "       [ 2.03692,  2.33045, -0.93045,  3.53937, -0.03921,  4.9531 , -3.54693, -1.9295 ,  1.35893, -0.54921],\n",
       "       [-1.51675,  2.44654, -1.50251, -2.26391, -0.81   , -3.54693,  5.01821, -0.21129,  0.85256,  0.73781],\n",
       "       [-0.6612 , -1.14212,  2.7351 , -0.98846,  0.72523, -1.9295 , -0.21129,  4.58182, -3.25161,  2.97801],\n",
       "       [-1.81309,  2.84491, -2.19246,  4.79112, -2.93381,  1.35893,  0.85256, -3.25161,  4.67505,  1.57064],\n",
       "       [-4.35611,  2.45289,  0.21692,  5.58263, -6.41965, -0.54921,  0.73781,  2.97801,  1.57064, 13.65669]], dtype=float32)"
      ]
     },
     "execution_count": 7,
     "metadata": {},
     "output_type": "execute_result"
    }
   ],
   "source": [
    "Z = jnp.r_[W, L]\n",
    "Z.T @ Z"
   ]
  },
  {
   "cell_type": "markdown",
   "id": "7deb0763-6ee9-4dc3-bb70-667dcb3aaa32",
   "metadata": {},
   "source": [
    "## Explicit low-rank approximation by SVD — three slices, same results"
   ]
  },
  {
   "cell_type": "code",
   "execution_count": 8,
   "id": "22f6707c-fdc3-4ce9-bd9c-80446283a20d",
   "metadata": {},
   "outputs": [],
   "source": [
    "F = W.T @ W + L.T @ L"
   ]
  },
  {
   "cell_type": "markdown",
   "id": "5c5a7691-f5f1-4af4-b526-2a47d7b60404",
   "metadata": {},
   "source": [
    "### Slicing left-singular vectos"
   ]
  },
  {
   "cell_type": "code",
   "execution_count": 9,
   "id": "29bcf337-6bdd-47ce-ac83-bfbf5f750ec9",
   "metadata": {},
   "outputs": [
    {
     "data": {
      "text/plain": [
       "Array([[ 2.3883 , -0.3611 , -0.35461, -2.02488,  2.6544 ,  1.16671, -0.92652, -1.37972, -0.73123, -5.39314],\n",
       "       [-0.3611 , 12.1414 , -5.95995,  5.95702, -2.04106,  1.80041,  3.17812, -3.10316,  4.50432,  1.77073],\n",
       "       [-0.35461, -5.95995,  3.0545 , -2.2618 ,  0.3656 , -0.97916, -1.55652,  1.80161, -1.99234,  0.38266],\n",
       "       [-2.02488,  5.95701, -2.2618 , 10.61903, -4.42717,  4.39949, -2.38358, -1.65962,  4.814  ,  6.45695],\n",
       "       [ 2.6544 , -2.04105,  0.3656 , -4.42717,  3.4902 ,  0.02296, -0.40818, -0.79563, -1.89074, -6.4475 ],\n",
       "       [ 1.1667 ,  1.80041, -0.97916,  4.39949,  0.02296,  4.077  , -3.22864, -2.12922,  1.88739, -1.45299],\n",
       "       [-0.92652,  3.17812, -1.55652, -2.38358, -0.40818, -3.22864,  4.4876 ,  0.64199, -0.18068,  1.27827],\n",
       "       [-1.37972, -3.10316,  1.80161, -1.65962, -0.79563, -2.12922,  0.64199,  1.96664, -1.21934,  2.55965],\n",
       "       [-0.73123,  4.50432, -1.99234,  4.814  , -1.89074,  1.88739, -0.18068, -1.21934,  2.55251,  2.48996],\n",
       "       [-5.39314,  1.77073,  0.38266,  6.45695, -6.4475 , -1.45299,  1.27827,  2.55965,  2.48996, 12.58427]], dtype=float32)"
      ]
     },
     "execution_count": 9,
     "metadata": {},
     "output_type": "execute_result"
    }
   ],
   "source": [
    "u, s, vh = jnp.linalg.svd(F, full_matrices=False)\n",
    "\n",
    "u[:, :d] @ jnp.diag(s)[:d, ] @ vh"
   ]
  },
  {
   "cell_type": "markdown",
   "id": "2f932979-0490-4666-b9d9-3004102b84ea",
   "metadata": {},
   "source": [
    "### Slicing right-singular vectos"
   ]
  },
  {
   "cell_type": "code",
   "execution_count": 10,
   "id": "55ce6e33-0bc1-4d64-bfbc-5aba47c1d796",
   "metadata": {},
   "outputs": [
    {
     "data": {
      "text/plain": [
       "Array([[ 2.3883 , -0.3611 , -0.35461, -2.02488,  2.6544 ,  1.16671, -0.92652, -1.37972, -0.73123, -5.39314],\n",
       "       [-0.3611 , 12.1414 , -5.95995,  5.95702, -2.04106,  1.80041,  3.17812, -3.10316,  4.50432,  1.77073],\n",
       "       [-0.35461, -5.95995,  3.0545 , -2.2618 ,  0.3656 , -0.97916, -1.55652,  1.80161, -1.99234,  0.38266],\n",
       "       [-2.02488,  5.95701, -2.2618 , 10.61903, -4.42717,  4.39949, -2.38358, -1.65962,  4.814  ,  6.45695],\n",
       "       [ 2.6544 , -2.04105,  0.3656 , -4.42717,  3.4902 ,  0.02296, -0.40818, -0.79563, -1.89074, -6.4475 ],\n",
       "       [ 1.1667 ,  1.80041, -0.97916,  4.39949,  0.02296,  4.077  , -3.22864, -2.12922,  1.88739, -1.45299],\n",
       "       [-0.92652,  3.17812, -1.55652, -2.38358, -0.40818, -3.22864,  4.4876 ,  0.64199, -0.18068,  1.27827],\n",
       "       [-1.37972, -3.10316,  1.80161, -1.65962, -0.79563, -2.12922,  0.64199,  1.96664, -1.21934,  2.55965],\n",
       "       [-0.73123,  4.50432, -1.99234,  4.814  , -1.89074,  1.88739, -0.18068, -1.21934,  2.55251,  2.48996],\n",
       "       [-5.39314,  1.77073,  0.38266,  6.45695, -6.4475 , -1.45299,  1.27827,  2.55965,  2.48996, 12.58427]], dtype=float32)"
      ]
     },
     "execution_count": 10,
     "metadata": {},
     "output_type": "execute_result"
    }
   ],
   "source": [
    "u, s, vh = jnp.linalg.svd(F, full_matrices=False)\n",
    "\n",
    "u @ jnp.diag(s)[:, :d] @ vh[:d]"
   ]
  },
  {
   "cell_type": "markdown",
   "id": "1ff3b90b-f5cb-4ca6-a1b4-61f5ed2cce3e",
   "metadata": {},
   "source": [
    "### Zeroing diagonal\n",
    "(This is really all we need for a low-rank approximation)"
   ]
  },
  {
   "cell_type": "code",
   "execution_count": 11,
   "id": "ee2a9d80-28c2-46ce-93e4-aabb47832dd4",
   "metadata": {},
   "outputs": [
    {
     "data": {
      "text/plain": [
       "Array([[ 2.3883 , -0.3611 , -0.35461, -2.02488,  2.6544 ,  1.16671, -0.92652, -1.37972, -0.73123, -5.39314],\n",
       "       [-0.3611 , 12.1414 , -5.95995,  5.95702, -2.04106,  1.80041,  3.17812, -3.10316,  4.50432,  1.77073],\n",
       "       [-0.35461, -5.95995,  3.0545 , -2.2618 ,  0.3656 , -0.97916, -1.55652,  1.80161, -1.99234,  0.38266],\n",
       "       [-2.02488,  5.95701, -2.2618 , 10.61903, -4.42717,  4.39949, -2.38358, -1.65962,  4.814  ,  6.45695],\n",
       "       [ 2.6544 , -2.04105,  0.3656 , -4.42717,  3.4902 ,  0.02296, -0.40818, -0.79563, -1.89074, -6.4475 ],\n",
       "       [ 1.1667 ,  1.80041, -0.97916,  4.39949,  0.02296,  4.077  , -3.22864, -2.12922,  1.88739, -1.45299],\n",
       "       [-0.92652,  3.17812, -1.55652, -2.38358, -0.40818, -3.22864,  4.4876 ,  0.64199, -0.18068,  1.27827],\n",
       "       [-1.37972, -3.10316,  1.80161, -1.65962, -0.79563, -2.12922,  0.64199,  1.96664, -1.21934,  2.55965],\n",
       "       [-0.73123,  4.50432, -1.99234,  4.814  , -1.89074,  1.88739, -0.18068, -1.21934,  2.55251,  2.48996],\n",
       "       [-5.39314,  1.77073,  0.38266,  6.45695, -6.4475 , -1.45299,  1.27827,  2.55965,  2.48996, 12.58427]], dtype=float32)"
      ]
     },
     "execution_count": 11,
     "metadata": {},
     "output_type": "execute_result"
    }
   ],
   "source": [
    "s_diag = s.copy()\n",
    "s_diag = jnp.diag(s_diag.at[d:].set(0.0))\n",
    "u @ s_diag @ vh"
   ]
  },
  {
   "cell_type": "markdown",
   "id": "137a8603-6960-402f-ab20-5b335fb92da8",
   "metadata": {},
   "source": [
    "## SVD without explicitly computing $F$"
   ]
  },
  {
   "cell_type": "markdown",
   "id": "75ea409e-37ff-4df3-805b-2c24ab37f389",
   "metadata": {},
   "source": [
    "### Option 1 — explicit SVD"
   ]
  },
  {
   "cell_type": "code",
   "execution_count": 12,
   "id": "48b84d29-3c3e-4469-8ff3-b47fc4a635e8",
   "metadata": {},
   "outputs": [
    {
     "data": {
      "text/plain": [
       "Array([[-0.93406,  2.50154, -0.99415,  2.93843, -1.59326,  0.67353,  0.19101, -0.32054,  1.5005 ,  2.53536],\n",
       "       [ 1.2001 ,  1.97021, -1.23696,  0.28369,  0.97543,  1.1487 , -0.14118, -1.34327,  0.51564, -2.47216],\n",
       "       [ 0.2749 , -1.41492,  0.73218,  1.37993, -0.01608,  1.51784, -2.10504, -0.24397,  0.1874 , -0.21139]], dtype=float32)"
      ]
     },
     "execution_count": 12,
     "metadata": {},
     "output_type": "execute_result"
    }
   ],
   "source": [
    "Z = jnp.r_[W, L]\n",
    "Z.shape # (2d X D)\n",
    "Z_svd = jnp.linalg.svd(Z, full_matrices=False)\n",
    "\n",
    "S = Z_svd.S\n",
    "\n",
    "R = jnp.diag(Z_svd.S)[:d] @ Z_svd.Vh\n",
    "R"
   ]
  },
  {
   "cell_type": "code",
   "execution_count": 13,
   "id": "5892b808-ca75-4c31-b94d-f4b558892489",
   "metadata": {},
   "outputs": [
    {
     "data": {
      "text/plain": [
       "Array([[ 2.3883 , -0.3611 , -0.35461, -2.02488,  2.6544 ,  1.16671, -0.92652, -1.37973, -0.73123, -5.39314],\n",
       "       [-0.3611 , 12.14141, -5.95996,  5.95703, -2.04106,  1.80042,  3.17812, -3.10317,  4.50433,  1.77073],\n",
       "       [-0.35461, -5.95996,  3.0545 , -2.2618 ,  0.3656 , -0.97916, -1.55653,  1.80161, -1.99235,  0.38266],\n",
       "       [-2.02488,  5.95703, -2.2618 , 10.61904, -4.42717,  4.3995 , -2.38358, -1.65962,  4.814  ,  6.45695],\n",
       "       [ 2.6544 , -2.04106,  0.3656 , -4.42717,  3.4902 ,  0.02296, -0.40818, -0.79563, -1.89074, -6.4475 ],\n",
       "       [ 1.16671,  1.80042, -0.97916,  4.3995 ,  0.02296,  4.07701, -3.22864, -2.12922,  1.88739, -1.45299],\n",
       "       [-0.92652,  3.17812, -1.55653, -2.38358, -0.40818, -3.22864,  4.4876 ,  0.64199, -0.18067,  1.27827],\n",
       "       [-1.37973, -3.10317,  1.80161, -1.65962, -0.79563, -2.12922,  0.64199,  1.96664, -1.21934,  2.55965],\n",
       "       [-0.73123,  4.50433, -1.99235,  4.814  , -1.89074,  1.88739, -0.18067, -1.21934,  2.55252,  2.48996],\n",
       "       [-5.39314,  1.77073,  0.38266,  6.45695, -6.4475 , -1.45299,  1.27827,  2.55965,  2.48996, 12.58428]], dtype=float32)"
      ]
     },
     "execution_count": 13,
     "metadata": {},
     "output_type": "execute_result"
    }
   ],
   "source": [
    "R.T @ R"
   ]
  },
  {
   "cell_type": "markdown",
   "id": "797e32fd-1ec7-4928-9e37-aa03861d2afe",
   "metadata": {},
   "source": [
    "### Option 3 — right singular vectors"
   ]
  },
  {
   "cell_type": "code",
   "execution_count": 14,
   "id": "84d94a69-8df1-41b6-a3b0-2f72e42a3292",
   "metadata": {},
   "outputs": [
    {
     "data": {
      "text/plain": [
       "Array([[ 0.93407, -2.50154,  0.99415, -2.93843,  1.59326, -0.67353, -0.19101,  0.32054, -1.5005 , -2.53536],\n",
       "       [ 1.2001 ,  1.97021, -1.23696,  0.28369,  0.97543,  1.1487 , -0.14118, -1.34327,  0.51564, -2.47215],\n",
       "       [ 0.2749 , -1.41491,  0.73218,  1.37993, -0.01608,  1.51784, -2.10504, -0.24397,  0.1874 , -0.21138]], dtype=float32)"
      ]
     },
     "execution_count": 14,
     "metadata": {},
     "output_type": "execute_result"
    }
   ],
   "source": [
    "Z = jnp.r_[W, L]\n",
    "singular_vectors, singular_values, _ = jnp.linalg.svd(Z @ Z.T, hermitian=True, full_matrices=False)\n",
    "singular_values = jnp.sqrt(singular_values) # square root of eigenvalues\n",
    "\n",
    "lr_new = jnp.diag(1/singular_values) @ singular_vectors.T @ Z # solving for right singular vectors\n",
    "lr_new = jnp.diag(singular_values)[:d] @ lr_new # Keeping top-d singular values\n",
    "lr_new"
   ]
  },
  {
   "cell_type": "code",
   "execution_count": 15,
   "id": "18dc6b0b-5c9e-44cd-8321-c8fbb1291a14",
   "metadata": {},
   "outputs": [
    {
     "data": {
      "text/plain": [
       "Array([[ 2.3883 , -0.3611 , -0.35461, -2.02488,  2.6544 ,  1.16671, -0.92652, -1.37972, -0.73123, -5.39314],\n",
       "       [-0.3611 , 12.14139, -5.95995,  5.95702, -2.04106,  1.80042,  3.17812, -3.10317,  4.50433,  1.77073],\n",
       "       [-0.35461, -5.95995,  3.0545 , -2.2618 ,  0.3656 , -0.97916, -1.55652,  1.80161, -1.99235,  0.38266],\n",
       "       [-2.02488,  5.95702, -2.2618 , 10.61903, -4.42717,  4.39949, -2.38358, -1.65962,  4.814  ,  6.45695],\n",
       "       [ 2.6544 , -2.04106,  0.3656 , -4.42717,  3.49021,  0.02296, -0.40818, -0.79563, -1.89074, -6.4475 ],\n",
       "       [ 1.16671,  1.80042, -0.97916,  4.39949,  0.02296,  4.077  , -3.22864, -2.12922,  1.88739, -1.45299],\n",
       "       [-0.92652,  3.17812, -1.55652, -2.38358, -0.40818, -3.22864,  4.4876 ,  0.64199, -0.18067,  1.27827],\n",
       "       [-1.37972, -3.10317,  1.80161, -1.65962, -0.79563, -2.12922,  0.64199,  1.96664, -1.21934,  2.55965],\n",
       "       [-0.73123,  4.50433, -1.99235,  4.814  , -1.89074,  1.88739, -0.18067, -1.21934,  2.55252,  2.48996],\n",
       "       [-5.39314,  1.77073,  0.38266,  6.45695, -6.4475 , -1.45299,  1.27827,  2.55965,  2.48996, 12.58428]], dtype=float32)"
      ]
     },
     "execution_count": 15,
     "metadata": {},
     "output_type": "execute_result"
    }
   ],
   "source": [
    "lr_new.T @ lr_new"
   ]
  },
  {
   "cell_type": "markdown",
   "id": "39b9298a-c927-4099-8ec7-a0d3eceea858",
   "metadata": {},
   "source": [
    "### Option 3.1 — right singular vectors (with early slicing)"
   ]
  },
  {
   "cell_type": "code",
   "execution_count": 16,
   "id": "f559d96e-20ee-4af7-af63-58247261728b",
   "metadata": {},
   "outputs": [
    {
     "data": {
      "text/plain": [
       "Array([[ 0.93407, -2.50154,  0.99415, -2.93843,  1.59326, -0.67353, -0.19101,  0.32054, -1.5005 , -2.53536],\n",
       "       [ 1.2001 ,  1.97021, -1.23696,  0.28369,  0.97543,  1.1487 , -0.14118, -1.34327,  0.51564, -2.47215],\n",
       "       [ 0.2749 , -1.41491,  0.73218,  1.37993, -0.01608,  1.51784, -2.10504, -0.24397,  0.1874 , -0.21138]], dtype=float32)"
      ]
     },
     "execution_count": 16,
     "metadata": {},
     "output_type": "execute_result"
    }
   ],
   "source": [
    "Z = jnp.r_[W, L]\n",
    "singular_vectors, singular_values, _ = jnp.linalg.svd(Z @ Z.T, hermitian=True, full_matrices=False)\n",
    "singular_values = jnp.sqrt(singular_values) # square root of eigenvalues\n",
    "\n",
    "lr_new = jnp.diag(1/singular_values) @ singular_vectors.T @ Z # solving for right singular vectors\n",
    "lr_new = jnp.diag(singular_values[:d]) @ lr_new[:d] # keep top-d singular values and top-d singular vectors\n",
    "lr_new"
   ]
  },
  {
   "cell_type": "code",
   "execution_count": 17,
   "id": "9839d008-c85c-48e0-a0fb-26083a95a2a8",
   "metadata": {},
   "outputs": [
    {
     "data": {
      "text/plain": [
       "Array([[ 2.3883 , -0.3611 , -0.35461, -2.02488,  2.6544 ,  1.16671, -0.92652, -1.37972, -0.73123, -5.39314],\n",
       "       [-0.3611 , 12.14139, -5.95995,  5.95702, -2.04106,  1.80042,  3.17812, -3.10317,  4.50433,  1.77073],\n",
       "       [-0.35461, -5.95995,  3.0545 , -2.2618 ,  0.3656 , -0.97916, -1.55652,  1.80161, -1.99235,  0.38266],\n",
       "       [-2.02488,  5.95702, -2.2618 , 10.61903, -4.42717,  4.39949, -2.38358, -1.65962,  4.814  ,  6.45695],\n",
       "       [ 2.6544 , -2.04106,  0.3656 , -4.42717,  3.49021,  0.02296, -0.40818, -0.79563, -1.89074, -6.4475 ],\n",
       "       [ 1.16671,  1.80042, -0.97916,  4.39949,  0.02296,  4.077  , -3.22864, -2.12922,  1.88739, -1.45299],\n",
       "       [-0.92652,  3.17812, -1.55652, -2.38358, -0.40818, -3.22864,  4.4876 ,  0.64199, -0.18067,  1.27827],\n",
       "       [-1.37972, -3.10317,  1.80161, -1.65962, -0.79563, -2.12922,  0.64199,  1.96664, -1.21934,  2.55965],\n",
       "       [-0.73123,  4.50433, -1.99235,  4.814  , -1.89074,  1.88739, -0.18067, -1.21934,  2.55252,  2.48996],\n",
       "       [-5.39314,  1.77073,  0.38266,  6.45695, -6.4475 , -1.45299,  1.27827,  2.55965,  2.48996, 12.58428]], dtype=float32)"
      ]
     },
     "execution_count": 17,
     "metadata": {},
     "output_type": "execute_result"
    }
   ],
   "source": [
    "lr_new.T @ lr_new"
   ]
  }
 ],
 "metadata": {
  "kernelspec": {
   "display_name": "Python 3 (ipykernel)",
   "language": "python",
   "name": "python3"
  },
  "language_info": {
   "codemirror_mode": {
    "name": "ipython",
    "version": 3
   },
   "file_extension": ".py",
   "mimetype": "text/x-python",
   "name": "python",
   "nbconvert_exporter": "python",
   "pygments_lexer": "ipython3",
   "version": "3.11.7"
  }
 },
 "nbformat": 4,
 "nbformat_minor": 5
}
